SampleNumber Mobility(cm^2/Vs)
0 2.545566114761268
1 0.0
2 2.5327436491286477
3 0.0
4 2.626842846876529
5 0.0
6 0.0
7 2.810518781009967
8 2.6637256016164668
9 0.0
10 0.0
11 2.574202883433613
12 2.136912318144506
13 2.4685990638002684
14 2.2624794107089667
15 3.17308000098222
16 2.9656389381360295
17 3.3317199535587774
18 2.51591216829988
19 3.0865517405665415
20 1.709188877534198
21 2.7588194303095213
22 2.761332544294616
23 3.182195778506527
24 0.0
25 2.7453151173543326
26 0.0
27 2.853052397617077
28 3.25569410409374
29 0.0
30 2.924977267471099
31 2.8331246101290946
32 1.860024547263137
33 2.688123062920348
34 2.8760402031243366
35 0.0
36 0.0
37 0.0
38 2.510198051099004
39 2.5938246908220215
40 2.6708193313396116
41 0.0
42 2.476827818684736
43 2.561197921691404
44 2.5326244576130046
45 0.0
46 2.604918288395406
47 0.0
48 0.0
49 2.2925312416889696
50 2.7131805204960076
51 2.2204830383743124
52 2.9131402419731893
53 2.608569868541434
54 0.0
55 2.473312985624624
56 2.9584094009704165
57 2.7682467000526407
58 0.0
59 2.7289892541709744
60 0.0
61 2.737660465642491
62 0.0
63 0.0
64 2.6426671827214534
65 2.693772163889119
66 3.1268411846088755
67 0.0
68 2.6699130681891345
69 1.833333407935853
70 2.4815342577052055
71 2.6548738490897374
72 2.7899144018552535
73 2.838168458315555
74 2.5575103658061793
75 2.5655882836398476
76 2.70697464750494
77 3.0121873015175495
78 0.0
79 2.597179077980863
80 2.9400305879381223
81 2.8256297886343136
82 0.0
83 0.0
84 0.0
85 0.0
86 3.319031414510346
87 2.2293650712274484
88 2.625833571743155
89 2.5106414325374313
90 2.6863980777403684
91 0.0
92 2.7628517175276803
93 2.260227535574759
94 0.0
95 2.558002994152636
96 0.0
97 2.8062073991722745
98 2.7835117351405225
99 2.713839376012638
100 0.0
101 0.0
102 2.9002004500389074
103 0.0
104 2.8932293464123875
105 2.200082900505312
106 2.805930882733878
107 2.7675489911910285
108 0.0
109 0.0
110 0.0
111 3.2548539508997827
112 2.6721214688071324
113 0.0
114 0.0
115 2.60907447043436
116 0.0
117 0.0
118 0.0
119 0.0
120 2.756698663820666
121 2.997302037910876
122 2.8266216106353
123 3.2034006973324125
124 2.7466342020785737
125 0.0
126 2.9590341081020606
127 2.616729074475179
128 0.0
129 0.0
130 0.0
131 2.6457299746195053
132 2.346986023472398
133 3.064901375059902
134 2.6455121545440883
135 0.0
136 2.317907734677346
137 3.392036119502875
138 2.642868677854918
139 2.3135650631373372
140 2.9016832176271707
141 2.5447111067174553
142 0.0
143 0.0
144 2.866455661019382
145 0.0
146 0.0
147 2.5611866360402353
148 2.5942342611728053
149 0.0
150 2.974199190139247
151 2.5537999907975735
152 2.3498968732481353
153 3.08893028903465
154 2.5277290787927873
155 0.0
156 2.724593080894591
157 3.061296785510817
158 0.0
159 0.0
160 2.4505011750591983
161 2.4306159913969756
162 0.0
163 2.712860849059579
164 2.2701509388557572
165 2.7203134001424125
166 0.0
167 1.9787350641961499
168 2.717226204863409
169 0.0
170 3.3344455999265175
171 0.0
172 2.453951854712194
173 3.0756431004630786
174 2.6023538298544437
175 3.6160228817828792
176 0.0
177 0.0
178 2.8040815533550445
179 2.6306474190383877
180 0.0
181 2.595541953207711
182 2.4908322450027605
183 2.8498857142201395
184 2.809737214270489
185 3.0597974541752477
186 2.9588065071144705
187 2.7579509347314444
188 2.9551195382680584
189 0.0
190 0.0
191 2.9020521360370384
192 2.862036450220358
193 3.0467239909017167
194 2.524826444213398
195 0.0
196 2.081820767304733
197 0.0
198 0.0
199 2.5885593069652275
200 2.8393666058548677
201 2.730584084110208
202 2.9973876609153507
203 2.2165411263301804
204 0.0
205 2.2057526595865555
206 2.4472194284934123
207 0.0
208 2.683735903925066
209 0.0
210 0.0
211 0.0
212 0.0
213 2.846630635659292
214 2.5266594019452233
215 3.090580057664659
216 2.862529928985042
217 2.5478079074208297
218 2.3870380142499954
219 2.664435210775019
220 0.0
221 2.5516087399638057
222 2.6880874804358674
223 0.0
224 0.0
225 0.0
226 2.620614332809007
227 2.7442372141677254
228 2.5033946527708677
229 0.0
230 0.0
231 2.0951801898091116
232 0.0
233 2.643149845077786
234 2.922410112019765
235 0.0
236 2.5150010538785104
237 2.7716075978832615
238 2.0089005849734107
239 2.533583499642914
240 2.8494400359443253
241 2.7171882744275306
242 2.69381115820402
243 2.8268193451243175
244 2.8388508116607984
245 2.129078935750186
246 2.7706664106678387
247 0.0
248 0.0
249 2.2594063910038065
250 3.1015095113691418
251 2.1424361372361593
252 2.4331259758385038
253 2.4786893095420766
254 2.4442306597180643
255 3.1358690262712052
256 0.0
257 0.0
258 2.296131484453955
259 0.0
260 0.0
261 2.7463146478062717
262 2.626632491940234
263 3.327557736491509
264 2.8321720109585433
265 2.539764255085955
266 0.0
267 0.0
268 2.1891115690792162
269 0.0
270 2.7057764085641565
271 3.2522232883838305
272 2.4786950086643627
273 2.8305504166118833
274 0.0
275 2.6431274156666635
276 0.0
277 0.0
278 2.808145575376798
279 2.676655058717296
280 0.0
281 2.6627974169521966
282 2.6579379575076074
283 2.926636585388388
284 0.0
285 0.0
286 2.6495859972412195
287 2.7287147206094002
288 2.633666566176718
289 2.918234440955321
290 0.0
291 0.0
292 2.5741907493234293
293 3.107281367732072
294 2.5351406475670237
295 0.0
296 2.7407136398984826
297 0.0
298 2.481607535998076
299 2.9024727319565056
300 0.0
301 2.321384863798059
302 2.2376501525473627
303 0.0
304 2.712839743490248
305 0.0
306 3.009431604084318
307 2.691062552305537
308 2.5711958995879334
309 0.0
310 0.0
311 2.633404515313784
312 0.0
313 0.0
314 2.5968914959189346
315 2.866982912185616
316 2.6037084397252706
317 2.297449665110377
318 2.7460277950561327
319 2.1154750208531823
320 0.0
321 0.0
322 2.6676597376035653
323 2.715964582494042
324 2.301084019545322
325 0.0
326 0.0
327 0.0
328 0.0
329 0.0
330 2.8329599756234884
331 0.0
332 2.8600916184985916
333 0.0
334 2.1933225755561305
335 2.7408964615742284
336 0.0
337 3.320685863002906
338 2.9117731314650594
339 0.0
340 0.0
341 0.0
342 2.6554559782639138
343 0.0
344 2.2245773649643166
345 0.0
346 3.0768456815979413
347 1.7530567551219187
348 2.665070755416601
349 0.0
350 2.4865644292320104
351 0.0
352 2.722603805635727
353 2.980573293393843
354 3.0203989855972164
355 2.3967616523991024
356 0.0
357 0.0
358 2.7791316219362354
359 2.596917808000499
360 2.9438889728617728
361 2.81599132921033
362 2.305416028809007
363 0.0
364 2.4040032094206003
365 0.0
366 2.845278583141727
367 0.0
368 0.0
369 2.651020870360984
370 2.9532796920247932
371 0.0
372 2.4534854247121225
373 2.662854352252232
374 2.8634987748677334
375 3.0205559077196886
376 3.234015608175418
377 0.0
378 2.674650804246746
379 2.8078338172464408
380 0.0
381 2.341342884015308
382 0.0
383 2.366551602094578
384 2.9161890481565242
385 3.1338668693892533
386 2.665270589702381
387 2.653276436802582
388 2.7151780017584737
389 2.6116574318085553
390 2.475796245344498
391 2.292996160872592
392 0.0
393 0.0
394 2.1648799485286467
395 3.0300237910500627
396 2.744986829066325
397 2.7651650820556597
398 3.0332640615118756
399 2.745514417509778
400 2.9178390206384446
401 2.794878768863355
402 2.6404701541211124
403 2.6987908164562677
404 0.0
405 0.0
406 2.6838167731488745
407 2.6075648555193007
408 2.3793348265685523
409 2.903998623800023
410 0.0
411 2.7452884557442485
412 2.5603697240655467
413 0.0
414 2.692743530418197
415 1.8105069442140103
416 2.6295146574671486
417 2.646828906084905
418 0.0
419 2.3373272854052756
420 2.6546712691259424
421 3.1772889148253194
422 2.6629367469153333
423 2.749574042910867
424 2.5120593329976924
425 0.0
426 2.7099305223985546
427 2.837101277028464
428 2.4008149369335348
429 3.0278913211893475
430 3.326934530709093
431 2.6375666674654195
432 0.0
433 3.3055947231448197
434 2.4835497288132
435 2.890593681098768
436 0.0
437 2.110903050865076
438 2.686285706698782
439 2.7181087893094675
440 2.860816402072805
441 2.665602092819861
442 3.304888900196361
443 2.4420454240729876
444 2.9024798078881693
445 0.0
446 0.0
447 0.0
448 2.4514478849552424
449 3.0125459831539914
450 0.0
451 2.7557441073841016
452 2.5411580993181833
453 2.6790670333546864
454 0.0
455 2.7895513954922926
456 2.626401763218069
457 2.3710606542679167
458 2.4480139772606115
459 0.0
460 2.6145136035820764
461 2.662902007537239
462 3.072126616945739
463 3.159804354561876
464 2.826994230880063
465 2.1204603330330665
466 2.151493172088154
467 2.8879733081347894
468 0.0
469 2.0766114338572237
470 2.4276600053326187
471 0.0
472 0.0
473 0.0
474 0.0
475 0.0
476 2.734998654422455
477 3.4376308478266107
478 0.0
479 2.361986549116989
480 2.6558082441305904
481 3.1625305369031245
482 2.7728346056988813
483 2.6854587649193267
484 2.95266287011557
485 2.767863861201552
486 2.4432222719483976
487 0.0
488 3.1964852884808184
489 2.8764682415621783
490 0.0
491 2.7768702223481343
492 0.0
493 0.0
494 2.660435973332972
495 3.2595608728878
496 2.5450735963571054
497 2.736189057928942
498 0.0
499 2.7176955206600404
