SampleNumber Mobility(cm^2/Vs)
0 3.575105744427889
1 3.9338213303996787
2 4.0162976880351895
3 3.8430664798822423
4 2.873330428143393
5 2.7973872667605204
6 2.7948118160076696
7 3.129762589531751
8 1.7921899845193636
9 6.544568877920742
10 4.38922693446456
11 3.3048956837221066
12 4.057307485313496
13 1.7033514959689486
14 3.92942763557841
15 4.4748530660236305
16 3.387162381395174
17 3.962926864757479
18 3.2936655657339893
19 3.720615496083936
20 2.6494474797678182
21 2.298456130866744
22 3.2525122582603396
23 3.682519247513994
24 4.216031683444866
25 2.2431120992825875
26 3.024957737674261
27 3.6028772689518975
28 5.118422790874195
29 3.8408388439908134
30 2.6715530342317724
31 5.152556765231586
32 2.220654255874139
33 4.754576069294296
34 3.5855371427449065
35 3.4013466485965047
36 3.735617266470782
37 2.111227278170217
38 6.211493179211406
39 5.268731435995802
40 3.7435535196362526
41 6.930766207273232
42 4.165596436965788
43 4.055619773991934
44 3.7621086790513116
45 2.963476832687893
46 10.560905127826167
47 2.0452771202987616
48 2.032563355411015
49 3.4774909181349236
