SampleNumber Mobility(cm^2/Vs)
0 7.390556577741336
1 4.181597593651979
2 4.124562284892882
3 3.377599502918253
4 3.196342523986739
5 4.7686805360039095
6 2.9518844503280692
7 3.598668747735805
8 2.774109684096389
9 4.393913574060068
10 3.191251098021734
11 3.3237468208350514
12 3.0396597442963387
13 3.4224974457063864
14 4.0739443366976245
15 3.3373156419800223
16 3.3456480904242056
17 4.682727771145907
18 3.743767304010116
19 3.17235106023274
20 2.8288991069716154
21 7.338622386774845
22 3.218506782398663
23 5.006069109691111
24 3.2455312997243917
25 9.350839368701452
26 3.46353243115561
27 2.807430191565741
28 4.078675775642219
29 2.628888911659453
30 3.976084114083748
31 4.416617031799914
32 3.0594481080579703
33 3.1297238168370822
34 2.820104352364396
35 3.547410925775056
36 3.215579036908549
37 3.3746491176834494
38 3.586417964814718
39 2.9783280866624526
40 2.8885342844629944
41 2.3347883345437626
42 2.976150257877306
43 3.677620094875515
44 3.6235396997768747
45 3.646973852031959
46 3.6611873953586294
47 3.785383231753322
48 3.381883993233488
49 3.139271180312779
