SampleNumber Mobility(cm^2/Vs)
0 4.314226125983717
1 4.560968220309421
2 3.4804968165793375
3 3.473746169458381
4 5.839556056456093
5 2.197069503889686
6 3.738075231304463
7 2.8106415240313876
8 4.251345240442089
9 3.362031291648253
10 3.9324399471594704
11 2.8811508669004624
12 4.72540373146291
13 4.710814307586242
14 3.537753540433801
15 2.901003334202727
16 4.080131281555667
17 3.645237605997419
18 4.203311799832557
19 1.1465878851306277
20 2.178639479309365
21 3.5675912447292437
22 0.9245316803817895
23 2.81922180864176
24 2.258412600878361
25 4.212838010634046
26 4.6528703616914076
27 3.4761118584356185
28 3.5761378593590316
29 3.6373850766073486
30 4.338834232045957
31 2.1095547059444075
32 2.5140342129192343
33 3.598373728203507
34 2.4731468084401564
35 4.2301014836990625
36 3.997984790312893
37 5.113137937822534
38 3.299267874611851
39 3.2793689951640363
40 3.414523892370874
41 4.147383935145659
42 3.561737095540358
43 3.1948580496254144
44 2.9329561766040797
45 3.7062154347665723
46 1.826670558468654
47 3.435792260890672
48 3.0591328754921303
49 3.2078463019596093
